  ET      ET    tPhi   tEta    pPhi   pEta      ET      tPhi    tEta   pPhi  pEta              ET-tPhi-tEta-pPhi-pEta           LINK-POS
  (dec)  (hex)                                (bit-10)  2bit    5bit   3bit  3bit            (binary)               (hex)
------------------------------------------------------------------------------------------------------------------------------------------
  113    0x71     0      0      1      3     0001110001   00   00000   001   011       00011100010000000001011    0x000e200b      L00-1 
  147    0x93     2      0      2      2     0010010011   10   00000   010   010       00100100111000000010010    0x00127012      L00-2
  168    0xa8     3      0      4      1     0010101000   11   00000   100   001       00101010001100000100001    0x00151821      L00-3
  142    0x8e     1      1      1      2     0010001110   01   00001   001   010       00100011100100001001010    0x0011c84a      L01-1
  63     0x3f     3      1      4      2     0000111111   11   00001   100   010       00001111111100001100010    0x0007f862      L01-2
  123    0x7b     2      2      3      4     0001111011   10   00010   011   100       00011110111000010011100    0x000f709c      L01-3 
  194    0xc2     0      3      2      3     0011000010   00   00011   010   011       00110000100000011010011    0x001840d3      L02-1
  201    0xc9     1      3      3      2     0011001001   01   00011   011   010       00110010010100011011010    0x001928da      L02-2
  118    0x76     3      3      4      3     0001110110   11   00011   100   011       00011101101100011100011    0x000ed8e3      L02-3
  225    0xe1     1      4      1      3     0011100001   01   00100   001   011       00111000010100100001011    0x001c290b      L03-1
  233    0xe9     2      4      2      4     0011101001   10   00100   010   100       00111010011000100010100    0x001d3114      L03-2
  139    0x8b     3      4      0      0     0010001011   11   00100   000   000       00100010111100100000000    0x00117900      L03-3
------------------------------------------------------------------------------------------------------------------------------------------
  186    0xba     0      0      0      1     0010111010   00   00000   000   001       00101110100000000000001    0x00174001      L04-1 
  88     0x58     3      0      0      3     0001011000   11   00000   000   011       00010110001100000000011    0x000b1803      L04-2
  94     0x5e     0      1      0      2     0001011110   00   00001   000   010       00010111100000001000010    0x000bc042      L04-3
  149    0x95     1      1      2      2     0010010101   01   00001   010   010       00100101010100001010010    0x0012a852      L05-1
  38     0x26     2      1      2      0     0000100110   10   00001   010   000       00001001101000001010000    0x0004d050      L05-2
  16     0x10     0      2      1      2     0000010000   00   00010   001   010       00000100000000010001010    0x0002008a      L05-3
  37     0x25     1      2      1      3     0000100101   01   00010   001   011       00001001010100010001011    0x0004a88b      L06-1
  100    0x64     0      3      0      3     0001100100   00   00011   000   011       00011001000000011000011    0x000c80c3      L06-2
  19     0x13     2      3      1      4     0000010011   10   00011   001   100       00000100111000011001100    0x000270cc      L06-3
  97     0x61     3      3      1      2     0001100001   11   00011   001   010       00011000011100011001010    0x000c38ca      L07-1
  107    0x6b     1      4      1      4     0001101011   01   00100   001   100       00011010110100100001100    0x000d690c      L07-2
  199    0xc7     2      4      2      4     0011000111   10   00100   010   100       00110001111000100010100    0x0018f114      L07-3
------------------------------------------------------------------------------------------------------------------------------------------
  122    0x7a     1      0      0      3     0001111010   01   00000   000   011       00011110100100000000011    0x000f4803      L24-1 
  244    0xf4     2      0      2      0     0011110100   10   00000   010   000       00111101001000000010000    0x001e9010      L24-2
  104    0x68     3      0      3      3     0001101000   11   00000   011   011       00011010001100000011011    0x000d181b      L24-3
  47     0x2f     1      1      2      3     0000101111   01   00001   010   011       00001011110100001010011    0x0005e853      L25-1
  235    0xeb     3      1      4      2     0011101011   11   00001   100   010       00111010111100001100010    0x001d7862      L25-2
  170    0xaa     0      2      0      3     0010101010   00   00010   000   011       00101010100000010000011    0x00154083      L25-3
  43     0x2b     1      2      0      3     0000101011   01   00010   000   011       00001010110100010000011    0x00056883      L26-1
  121    0x79     3      2      0      1     0001111001   11   00010   000   001       00011110011100010000001    0x000f3881      L26-2
  117    0x75     2      3      3      2     0001110101   10   00011   011   010       00011101011000011011010    0x000eb0da      L26-3
  22     0x16     3      3      1      2     0000010110   11   00011   001   010       00000101101100011001010    0x0002d8ca      L27-1
  58     0x3a     0      4      2      1     0000111010   00   00100   010   001       00001110100000100010001    0x00074111      L27-2
  136    0x88     3      4      4      3     0010001000   11   00100   100   011       00100010001100100100011    0x00111923      L27-3
------------------------------------------------------------------------------------------------------------------------------------------
  250    0xfa     1      0      1      0     0011111010   01   00000   001   000       00111110100100000001000    0x001f4808      L28-1  
  131    0x83     2      0      2      0     0010000011   10   00000   010   000       00100000111000000010000    0x00107010      L28-2
  145    0x91     0      1      0      2     0010010001   00   00001   000   010       00100100010000001000010    0x00122042      L28-3
  99     0x63     2      1      3      3     0001100011   10   00001   011   011       00011000111000001011011    0x000c705b      L29-1
  161    0xa1     0      2      3      1     0010100001   00   00010   011   001       00101000010000010011001    0x00142099      L29-2
  31     0x1f     1      2      4      3     0000011111   01   00010   100   011       00000111110100010100011    0x0003e8a3      L29-3
  66     0x42     3      2      3      2     0001000010   11   00010   011   010       00010000101100010011010    0x0008589a      L30-1
  178    0xb2     0      3      1      3     0010110010   00   00011   001   011       00101100100000011001011    0x001640cb      L30-2
  211    0xd3     2      3      2      3     0011010011   10   00011   010   011       00110100111000011010011    0x001a70d3      L30-3
  236    0xec     0      4      0      3     0011101100   00   00100   000   011       00111011000000100000011    0x001d8103      L31-1
  83     0x53     1      4      1      4     0001010011   01   00100   001   100       00010100110100100001100    0x000a690c      L31-2
  151    0x97     3      4      0      0     0010010111   11   00100   000   000       00100101111100100000000    0x0012f900      L31-3
------------------------------------------------------------------------------------------------------------------------------------------
