  ET      ET    tPhi   tEta    pPhi   pEta      ET      tPhi    tEta   pPhi  pEta              ET-tPhi-tEta-pPhi-pEta           LINK-POS
  (dec)  (hex)                                (bin-16)  4bit    6bit   3bit  3bit            (binary)               (hex)
------------------------------------------------------------------------------------------------------------------------------------------
  113    0x71     0      0      1      3     01110001   0000   000000   001   011     011100010000000000001011    0071000b      L00-1 
  147    0x93     2      0      2      2     10010011   0010   000000   010   010     100100110010000000010010    00932012      L00-2
  168    0xa8     3      0      4      1     10101000   0011   000000   100   001     101010000011000000100001    00a83021      L00-3
  142    0x8e     1      1      1      2     10001110   0001   000001   001   010     100011100001000001001010    008e104a      L01-1
  63     0x3f     3      1      4      2     00111111   0011   000001   100   010     001111110011000001100010    003f3062      L01-2
  123    0x7b     2      2      3      4     01111011   0010   000010   011   100     011110110010000010011100    007b209c      L01-3 
  194    0xc2     0      3      2      3     11000010   0000   000011   010   011     110000100000000011010011    00c200d3      L02-1
  201    0xc9     1      3      3      2     11001001   0001   000011   011   010     110010010001000011011010    00c910da      L02-2
  118    0x76     3      3      4      3     01110110   0011   000011   100   011     011101100011000011100011    007630e3      L02-3
  225    0xe1     1      4      1      3     11100001   0001   000100   001   011     111000010001000100001011    00e1110b      L03-1
  233    0xe9     2      4      2      4     11101001   0010   000100   010   100     111010010010000100010100    00e92114      L03-2
  139    0x8b     3      4      0      0     10001011   0011   000100   000   000     100010110011000100000000    008b3100      L03-3
------------------------------------------------------------------------------------------------------------------------------------------
  186    0xba     4      0      0      1     10111010   0100   000000   000   001     101110100100000000000001    00ba4001      L04-1 
  88     0x58     7      0      0      3     01011000   0111   000000   000   011     010110000111000000000011    00587003      L04-2
  94     0x5e     4      1      0      2     01011110   0100   000001   000   010     010111100100000001000010    005e4042      L04-3
  149    0x95     5      1      2      2     10010101   0101   000001   010   010     100101010101000001010010    00955052      L05-1
  38     0x26     6      1      2      0     00100110   0110   000001   010   000     001001100110000001010000    00266050      L05-2
  16     0x10     4      2      1      2     00010000   0100   000010   001   010     000100000100000010001010    0010408a      L05-3
  37     0x25     5      2      1      3     00100101   0101   000010   001   011     001001010101000010001011    0025508b      L06-1
  100    0x64     4      3      0      3     01100100   0100   000011   000   011     011001000100000011000011    006440c3      L06-2
  19     0x13     6      3      1      4     00010011   0110   000011   001   100     000100110110000011001100    001360cc      L06-3
  97     0x61     7      3      1      2     01100001   0111   000011   001   010     011000010111000011001010    006170ca      L07-1
  107    0x6b     5      4      1      4     01101011   0101   000100   001   100     011010110101000100001100    006b510c      L07-2
  199    0xc7     6      4      2      4     11000111   0110   000100   010   100     110001110110000100010100    00c76114      L07-3
------------------------------------------------------------------------------------------------------------------------------------------
  122    0x7a     1      5      0      3     01111010   0001   000101   000   011     011110100001000101000011    007a1143      L24-1 
  244    0xf4     2      5      2      0     11110100   0010   000101   010   000     111101000010000101010000    00f42150      L24-2
  104    0x68     3      5      3      3     01101000   0011   000101   011   011     011010000011000101011011    0068315b      L24-3
  47     0x2f     1      6      2      3     00101111   0001   000110   010   011     001011110001000110010011    002f1193      L25-1
  235    0xeb     3      6      4      2     11101011   0011   000110   100   010     111010110011000110100010    00eb31a2      L25-2
  170    0xaa     0      7      0      3     10101010   0000   000111   000   011     101010100000000111000011    00aa01c3      L25-3
  43     0x2b     1      7      0      3     00101011   0001   000111   000   011     001010110001000111000011    002b11c3      L26-1
  121    0x79     3      7      0      1     01111001   0011   000111   000   001     011110010011000111000001    007931c1      L26-2
  117    0x75     2      8      3      2     01110101   0010   001000   011   010     011101010010001000011010    0075221a      L26-3
  22     0x16     3      8      1      2     00010110   0011   001000   001   010     000101100011001000001010    0016320a      L27-1
  58     0x3a     0      9      2      1     00111010   0000   001001   010   001     001110100000001001010001    003a0251      L27-2
  136    0x88     3      9      4      3     10001000   0011   001001   100   011     100010000011001001100011    00883263      L27-3
------------------------------------------------------------------------------------------------------------------------------------------
  250    0xfa     5      5      1      0     11111010   0101   000101   001   000     111110100101000101001000    00fa5148      L28-1  
  131    0x83     6      5      2      0     10000011   0110   000101   010   000     100000110110000101010000    00836150      L28-2
  145    0x91     4      6      0      2     10010001   0100   000110   000   010     100100010100000110000010    00914182      L28-3
  99     0x63     6      6      3      3     01100011   0110   000110   011   011     011000110110000110011011    0063619b      L29-1
  161    0xa1     4      7      3      1     10100001   0100   000111   011   001     101000010100000111011001    00a141d9      L29-2
  31     0x1f     5      7      4      3     00011111   0101   000111   100   011     000111110101000111100011    001f51e3      L29-3
  66     0x42     7      7      3      2     01000010   0111   000111   011   010     010000100111000111011010    004271da      L30-1
  178    0xb2     4      8      1      3     10110010   0100   001000   001   011     101100100100001000001011    00b2420b      L30-2
  211    0xd3     6      8      2      3     11010011   0110   001000   010   011     110100110110001000010011    00d36213      L30-3
  236    0xec     4      9      0      3     11101100   0100   001001   000   011     111011000100001001000011    00ec4243      L31-1
  83     0x53     5      9      1      4     01010011   0101   001001   001   100     010100110101001001001100    0053524c      L31-2
  151    0x97     7      9      0      0     10010111   0111   001001   000   000     100101110111001001000000    00977240      L31-3
------------------------------------------------------------------------------------------------------------------------------------------
