  DEC    HEX    tPhi   tEta    pPhi   pEta      ET      tPhi    tEta   pPhi  pEta              ET-tPhi-tEta-pPhi-pEta           LINK-POS
  (dec)  (hex)                                (bin-16)  4bit    6bit   3bit  3bit            (binary)               (hex)
------------------------------------------------------------------------------------------------------------------------------------------
  354    0x162    4      0      0      1     101100010   0100   000000   000   001    1011000100100000000000001   01624001      L00-1   
  88     0x58     7      0      0      3     001011000   0111   000000   000   011    0010110000111000000000011   00587003      L00-2
  157    0x9d     4      1      0      2     010011101   0100   000001   000   010    0100111010100000001000010   009d4042      L00-3
  149    0x95     5      1      2      2     010010101   0101   000001   010   010    0100101010101000001010010   00955052      L01-1
  38     0x26     6      1      2      0     000100110   0110   000001   010   000    0001001100110000001010000   00266050      L01-2
  16     0x10     4      2      1      2     000010000   0100   000010   001   010    0000100000100000010001010   0010408a      L01-3
  37     0x25     5      2      1      3     000100101   0101   000010   001   011    0001001010101000010001011   0025508b      L02-1
   0     0x00     4      3      2      2     000000000   0100   000011   010   010    0000000000100000011010010   000040d2      L02-2
  19     0x13     6      3      1      4     000010011   0110   000011   001   100    0000100110110000011001100   001360cc      L02-3
  97     0x61     7      3      1      2     001100001   0111   000011   001   010    0011000010111000011001010   006170ca      L03-1
   0     0x00     5      4      2      2     000000000   0101   000100   010   010    0000000000101000100010010   00005112      L03-2
  330    0x14a    6      4      2      4     101001010   0110   000100   010   100    1010010100110000100010100   014a6114      L03-3
------------------------------------------------------------------------------------------------------------------------------------------
  357    0x165    5      5      1      0     101100101   0101   000101   001   000    1011001010101000101001000   01655148      L24-1 
   0     0x00     6      5      2      2     000000000   0110   000101   010   010    0000000000110000101010010   00006152      L24-2
   0     0x00     4      6      2      2     000000000   0100   000110   010   010    0000000000100000110010010   00004192      L24-3
  99     0x63     6      6      3      3     001100011   0110   000110   011   011    0011000110110000110011011   0063619b      L25-1
  161    0xa1     4      7      3      1     010100001   0100   000111   011   001    0101000010100000111011001   00a141d9      L25-2
  31     0x1f     5      7      4      3     000011111   0101   000111   100   011    0000111110101000111100011   001f51e3      L25-3
  66     0x42     7      7      3      2     001000010   0111   000111   011   010    0010000100111000111011010   004271da      L26-1
  178    0xb2     4      8      1      3     010110010   0100   001000   001   011    0101100100100001000001011   00b2420b      L26-2
  211    0xd3     6      8      2      3     011010011   0110   001000   010   011    0110100110110001000010011   00d36213      L26-3
  372    0x174    4      9      0      3     101110100   0100   001001   000   011    1011101000100001001000011   01744243      L27-1
  83     0x53     5      9      1      4     001010011   0101   001001   001   100    0010100110101001001001100   0053524c      L27-2
  151    0x97     7      9      0      0     010010111   0111   001001   000   000    0100101110111001001000000   00977240      L27-3
------------------------------------------------------------------------------------------------------------------------------------------
